11 0.52890625 0.946875 0.075 0.0765625
7 0.6328125 0.94140625 0.0796875 0.0796875
7 0.51953125 0.85234375 0.075 0.0765625
10 0.51328125 0.7546875 0.0734375 0.0796875
10 0.32109375 0.96015625 0.0734375 0.0796875
12 0.73203125 0.7375 0.06875 0.0796875
12 0.09453125 0.784375 0.078125 0.071875
9 0.20546875 0.96484375 0.0765625 0.0703125
9 0.49765625 0.559375 0.0765625 0.078125
8 0.04765625 0.08671875 0.078125 0.078125
13 0.0859375 0.6828125 0.075 0.078125
13 0.50546875 0.65390625 0.071875 0.0765625
13 0.93046875 0.625 0.0703125 0.071875
4 0.36015625 0.0640625 0.0734375 0.0765625
0 0.57734375 0.046875 0.084375 0.08125
0 0.475 0.16015625 0.0703125 0.08125
3 0.48125 0.26640625 0.075 0.08125
3 0.6828125 0.0390625 0.078125 0.078125
5 0.28125 0.36875 0.0765625 0.08125
5 0.72265625 0.6390625 0.0734375 0.0828125
2 0.30859375 0.8640625 0.075 0.0828125
2 0.3859375 0.3640625 0.078125 0.0765625
1 0.80703125 0.2390625 0.075 0.08125
6 0.70859375 0.44296875 0.08125 0.0828125
6 0.0703125 0.38515625 0.0859375 0.0828125
