11 0.49921875 0.753125 0.0671875 0.075
7 0.6046875 0.9546875 0.071875 0.0765625
10 0.2890625 0.95078125 0.071875 0.071875
12 0.60546875 0.84765625 0.0703125 0.075
9 0.17265625 0.94765625 0.0703125 0.071875
9 0.61171875 0.359375 0.0703125 0.075
13 0.075 0.65390625 0.071875 0.071875
13 0.49609375 0.6546875 0.0703125 0.0765625
13 0.9203125 0.65390625 0.071875 0.071875
12 0.39609375 0.84765625 0.0734375 0.06875
4 0.39296875 0.05546875 0.0734375 0.078125
0 0.50078125 0.15859375 0.0703125 0.071875
3 0.7140625 0.0484375 0.06875 0.0765625
3 0.5 0.26171875 0.071875 0.078125
5 0.28671875 0.7515625 0.0671875 0.078125
5 0.7140625 0.85234375 0.075 0.0734375
2 0.49921875 0.9578125 0.0734375 0.06875
6 0.71328125 0.46015625 0.0671875 0.0765625
6 0.08359375 0.35390625 0.078125 0.0765625
