11 0.359375 0.71015625 0.096875 0.1
7 0.15859375 0.81875 0.103125 0.103125
10 0.421875 0.9703125 0.1 0.059375
12 0.21796875 0.72890625 0.1 0.1015625
9 0.4859375 0.32109375 0.1 0.1015625
13 0.76640625 0.865625 0.1 0.1
13 0.41640625 0.63046875 0.1015625 0.103125
13 0.065625 0.3921875 0.1 0.1
12 0.39140625 0.84609375 0.1 0.0984375
4 0.8375 0.19140625 0.1046875 0.10625
0 0.690625 0.21640625 0.0984375 0.0984375
3 0.575 0.028125 0.1 0.05625
3 0.63359375 0.30234375 0.103125 0.1046875
5 0.5359375 0.828125 0.1 0.1015625
5 0.12578125 0.67265625 0.103125 0.103125
2 0.24453125 0.8796875 0.1 0.0984375
6 0.3453125 0.34765625 0.0984375 0.1015625
6 0.9265625 0.61171875 0.1078125 0.1078125
