11 0.56875 0.74375 0.0859375 0.090625
7 0.72578125 0.90859375 0.090625 0.09375
10 0.42109375 0.9734375 0.0890625 0.053125
12 0.696875 0.80546875 0.0875 0.0921875
9 0.3078125 0.9875 0.0875 0.025
9 0.56875 0.334375 0.0875 0.0921875
13 0.13359375 0.76484375 0.0890625 0.0890625
13 0.5390625 0.65 0.0890625 0.09375
13 0.94609375 0.53203125 0.0890625 0.0890625
12 0.49609375 0.8625 0.0890625 0.0859375
4 0.27421875 0.10234375 0.0921875 0.0953125
0 0.40703125 0.171875 0.0875 0.0890625
3 0.58125 0.0265625 0.0875 0.053125
3 0.434375 0.27109375 0.090625 0.0953125
5 0.3640625 0.80078125 0.0859375 0.09375
5 0.803125 0.7796875 0.0921875 0.090625
2 0.62578125 0.940625 0.0890625 0.0859375
6 0.69375 0.403125 0.0859375 0.0921875
6 0.059375 0.47421875 0.096875 0.0953125
