11 0.47890625 0.83125 0.0640625 0.0671875
7 0.3859375 0.81953125 0.059375 0.0671875
7 0.48203125 0.74921875 0.071875 0.071875
10 0.4875 0.66953125 0.0796875 0.075
12 0.23359375 0.48046875 0.0671875 0.071875
9 0.71171875 0.1671875 0.0671875 0.0703125
8 0.51171875 0.49765625 0.0765625 0.071875
8 0.81640625 0.0875 0.071875 0.071875
13 0.87421875 0.5234375 0.0703125 0.071875
13 0.50234375 0.57890625 0.0703125 0.0734375
13 0.32109375 0.4828125 0.071875 0.071875
13 0.1328125 0.54375 0.071875 0.0703125
4 0.53671875 0.07109375 0.0765625 0.0765625
0 0.62578125 0.075 0.065625 0.0703125
0 0.53125 0.1453125 0.071875 0.071875
3 0.53671875 0.23359375 0.065625 0.075
3 0.72109375 0.0828125 0.065625 0.06875
5 0.16875 0.203125 0.0703125 0.0703125
2 0.50546875 0.40546875 0.071875 0.071875
1 0.77734375 0.5125 0.0703125 0.0734375
1 0.4421875 0.22421875 0.0703125 0.0734375
6 0.6875 0.4234375 0.0703125 0.0703125
6 0.3359375 0.30859375 0.0703125 0.0703125
6 0.153125 0.2984375 0.071875 0.071875
