11 0.77734375 0.04140625 0.0859375 0.0828125
7 0.621875 0.70703125 0.090625 0.090625
7 0.3734375 0.7 0.0796875 0.0828125
10 0.178125 0.2578125 0.0875 0.078125
10 0.29296875 0.2640625 0.0859375 0.0828125
12 0.28359375 0.5296875 0.0859375 0.0875
12 0.5921875 0.86328125 0.0828125 0.0859375
9 0.3828125 0.553125 0.0828125 0.0859375
9 0.4796875 0.471875 0.0859375 0.084375
8 0.6828125 0.5171875 0.0953125 0.090625
8 0.30234375 0.82109375 0.084375 0.0859375
13 0.728125 0.6125 0.0859375 0.0875
13 0.39453125 0.853125 0.0859375 0.084375
13 0.45078125 0.2515625 0.0921875 0.0875
13 0.49609375 0.1171875 0.0828125 0.090625
13 0.46484375 0.72734375 0.0796875 0.084375
4 0.45078125 0.3671875 0.078125 0.0859375
0 0.48984375 0.8609375 0.084375 0.084375
3 0.34921875 0.946875 0.0859375 0.090625
3 0.62265625 0.2078125 0.0875 0.0953125
5 0.51953125 0.64375 0.084375 0.0921875
5 0.28359375 0.659375 0.09375 0.09375
2 0.70703125 0.30546875 0.090625 0.0875
2 0.228125 0.1640625 0.090625 0.09375
1 0.7046875 0.90703125 0.096875 0.0921875
1 0.68359375 0.11484375 0.09375 0.090625
6 0.82734375 0.83671875 0.09375 0.084375
6 0.540625 0.94765625 0.1015625 0.0921875
6 0.36484375 0.4109375 0.0859375 0.090625
6 0.3265625 0.08828125 0.0953125 0.0953125
