11 0.5765625 0.878125 0.071875 0.0765625
7 0.49375 0.90078125 0.0703125 0.075
7 0.66953125 0.85859375 0.071875 0.078125
10 0.4015625 0.925 0.071875 0.0765625
12 0.384375 0.484375 0.0671875 0.071875
9 0.18359375 0.45390625 0.0765625 0.078125
9 0.946875 0.784375 0.071875 0.075
8 0.83203125 0.725 0.0734375 0.0765625
8 0.56875 0.803125 0.0703125 0.0734375
13 0.17734375 0.72734375 0.0625 0.071875
13 0.87734375 0.540625 0.078125 0.0734375
4 0.3828125 0.13046875 0.0734375 0.0796875
0 0.4046875 0.221875 0.0796875 0.084375
0 0.3015625 0.15859375 0.0765625 0.0828125
3 0.21328125 0.184375 0.08125 0.0796875
5 0.47265625 0.10078125 0.06875 0.071875
2 0.6328125 0.33828125 0.0765625 0.0765625
2 0.65859375 0.41953125 0.065625 0.075
1 0.70234375 0.2328125 0.071875 0.0765625
3 0.29296875 0.503125 0.0765625 0.0828125
6 0.4328125 0.65625 0.0765625 0.0796875
6 0.475 0.45546875 0.0796875 0.0828125
6 0.8125 0.28359375 0.06875 0.0765625
6 0.09921875 0.475 0.06875 0.0765625
