11 0.55625 0.88125 0.06875 0.0734375
7 0.47265625 0.9 0.0671875 0.071875
7 0.65 0.8671875 0.06875 0.075
10 0.37890625 0.91875 0.06875 0.0734375
12 0.38515625 0.47890625 0.065625 0.0703125
9 0.1859375 0.4375 0.0734375 0.0765625
9 0.93125 0.8078125 0.06875 0.071875
8 0.8203125 0.7421875 0.0703125 0.0734375
8 0.55234375 0.80625 0.06875 0.0703125
13 0.165625 0.71015625 0.059375 0.0703125
13 0.87421875 0.56015625 0.075 0.0703125
4 0.40234375 0.125 0.071875 0.0765625
0 0.41953125 0.2171875 0.0765625 0.08125
0 0.31953125 0.1484375 0.0734375 0.08125
3 0.23046875 0.16953125 0.078125 0.0765625
5 0.49375 0.1 0.0671875 0.06875
2 0.64140625 0.3453125 0.0734375 0.075
2 0.6625 0.428125 0.0625 0.0734375
1 0.71640625 0.24375 0.06875 0.0734375
3 0.29296875 0.4921875 0.0734375 0.08125
6 0.42421875 0.65234375 0.0734375 0.078125
6 0.47734375 0.45390625 0.078125 0.0796875
6 0.8234375 0.3 0.065625 0.075
6 0.10078125 0.45390625 0.065625 0.075
