11 0.5 0.83359375 0.059375 0.065625
7 0.403125 0.84609375 0.0640625 0.0625
7 0.59453125 0.84140625 0.0625 0.06875
10 0.67578125 0.8421875 0.0578125 0.0671875
10 0.30625 0.8359375 0.0671875 0.0671875
12 0.68125 0.68671875 0.059375 0.0671875
12 0.31328125 0.68046875 0.0640625 0.0671875
9 0.77890625 0.85078125 0.0578125 0.0671875
9 0.1234375 0.85859375 0.0640625 0.0671875
8 0.13046875 0.67421875 0.065625 0.0671875
8 0.49375 0.6734375 0.059375 0.059375
13 0.1359375 0.5890625 0.0625 0.0671875
13 0.30625 0.5046875 0.0546875 0.0625
13 0.48203125 0.59140625 0.0625 0.06875
13 0.6765625 0.59375 0.059375 0.0671875
13 0.8625 0.59765625 0.065625 0.071875
4 0.49453125 0.084375 0.0671875 0.0703125
0 0.40078125 0.07421875 0.0734375 0.0703125
0 0.5875 0.078125 0.0671875 0.075
3 0.6796875 0.08671875 0.071875 0.071875
3 0.496875 0.23984375 0.065625 0.075
5 0.8640625 0.240625 0.0625 0.0671875
5 0.39921875 0.15546875 0.0640625 0.06875
2 0.2203125 0.159375 0.065625 0.0703125
2 0.13125 0.07890625 0.0671875 0.0671875
1 0.3140625 0.240625 0.065625 0.0671875
1 0.7703125 0.2453125 0.0671875 0.071875
6 0.14921875 0.32578125 0.0640625 0.0671875
6 0.31015625 0.32578125 0.06875 0.0671875
6 0.50546875 0.3265625 0.0609375 0.065625
6 0.68671875 0.33125 0.0671875 0.0703125
6 0.859375 0.328125 0.071875 0.06875
