11 0.38046875 0.87265625 0.078125 0.08125
7 0.2796875 0.84921875 0.08125 0.08125
7 0.46640625 0.89921875 0.0859375 0.0859375
10 0.196875 0.8140625 0.078125 0.0859375
10 0.56953125 0.93046875 0.08125 0.08125
12 0.24375 0.6515625 0.0828125 0.078125
12 0.6234375 0.765625 0.0796875 0.084375
9 0.01484375 0.7578125 0.0296875 0.084375
9 0.75703125 0.97890625 0.0796875 0.0421875
8 0.71171875 0.79609375 0.078125 0.08125
8 0.43046875 0.70625 0.0734375 0.0765625
13 0.825 0.75078125 0.084375 0.0828125
13 0.6734375 0.5953125 0.0828125 0.0875
13 0.45546875 0.621875 0.084375 0.08125
13 0.26171875 0.55390625 0.0765625 0.0796875
13 0.090625 0.509375 0.084375 0.0890625
4 0.6359375 0.10078125 0.08125 0.0875
0 0.540625 0.07265625 0.09375 0.09375
0 0.7140625 0.1328125 0.0890625 0.0875
3 0.44375 0.04296875 0.0875 0.0859375
3 0.821875 0.1578125 0.09375 0.09375
5 0.34921875 0.0265625 0.0859375 0.053125
5 0.94453125 0.38515625 0.09375 0.09375
2 0.98203125 0.21875 0.0359375 0.09375
1 0.57890625 0.265625 0.09375 0.0921875
1 0.76484375 0.315625 0.0875 0.0875
6 0.896875 0.47109375 0.0921875 0.0890625
6 0.734375 0.41640625 0.0890625 0.0921875
6 0.54453125 0.3640625 0.0890625 0.0921875
6 0.35703125 0.296875 0.084375 0.0890625
6 0.17890625 0.23984375 0.084375 0.090625
