11 0.2859375 0.60703125 0.0578125 0.0578125
7 0.65859375 0.715625 0.0578125 0.05625
7 0.26484375 0.50703125 0.0578125 0.0546875
10 0.365625 0.16796875 0.059375 0.059375
10 0.41328125 0.48203125 0.059375 0.053125
12 0.7015625 0.53359375 0.059375 0.0578125
12 0.57421875 0.48984375 0.059375 0.059375
9 0.44921875 0.77578125 0.05625 0.0578125
9 0.32734375 0.44765625 0.0578125 0.0546875
8 0.55234375 0.73984375 0.059375 0.059375
8 0.3859375 0.5578125 0.065625 0.0640625
13 0.76015625 0.6125 0.0640625 0.059375
13 0.37109375 0.85390625 0.0578125 0.0625
13 0.25078125 0.4484375 0.06875 0.0640625
13 0.72109375 0.40703125 0.065625 0.0671875
13 0.58828125 0.3875 0.05625 0.0578125
4 0.4578125 0.38828125 0.0515625 0.053125
0 0.47890625 0.65625 0.059375 0.05625
0 0.484375 0.4984375 0.0546875 0.0515625
3 0.6953125 0.2578125 0.0625 0.059375
3 0.6765625 0.35234375 0.059375 0.0578125
5 0.5203125 0.8453125 0.0671875 0.0640625
5 0.37265625 0.3171875 0.0625 0.0578125
2 0.35546875 0.71484375 0.065625 0.0640625
2 0.73828125 0.70390625 0.0609375 0.0640625
1 0.58671875 0.61171875 0.0671875 0.059375
1 0.58125 0.27578125 0.059375 0.0625
6 0.6140625 0.15625 0.059375 0.059375
6 0.51640625 0.15859375 0.065625 0.0609375
6 0.4875 0.29296875 0.0625 0.0609375
6 0.8078125 0.4953125 0.059375 0.059375
6 0.76015625 0.82734375 0.059375 0.0578125
