11 0.39140625 0.81328125 0.0671875 0.0734375
7 0.31328125 0.7890625 0.0828125 0.08125
7 0.47734375 0.8375 0.0828125 0.0859375
10 0.5734375 0.87265625 0.071875 0.0765625
12 0.61640625 0.715625 0.0796875 0.0859375
9 0.7515625 0.93671875 0.0828125 0.084375
9 0.2296875 0.12265625 0.0796875 0.084375
8 0.34296875 0.07890625 0.08125 0.084375
12 0.40234375 0.196875 0.08125 0.0828125
8 0.44140625 0.64921875 0.0765625 0.075
13 0.146875 0.378125 0.0859375 0.0875
13 0.465625 0.57109375 0.0828125 0.0859375
13 0.653125 0.63125 0.084375 0.0875
13 0.81796875 0.68515625 0.0875 0.0890625
4 0.6328125 0.08984375 0.0890625 0.090625
0 0.54921875 0.05859375 0.0796875 0.0828125
0 0.60859375 0.1625 0.0828125 0.0859375
3 0.56875 0.240625 0.08125 0.084375
3 0.4578125 0.03515625 0.084375 0.0703125
5 0.90234375 0.18203125 0.0859375 0.0921875
2 0.30234375 0.51875 0.078125 0.0796875
2 0.9671875 0.2 0.065625 0.0875
1 0.83515625 0.3296875 0.0796875 0.0828125
1 0.953125 0.284375 0.0828125 0.084375
6 0.371875 0.26953125 0.08125 0.0765625
6 0.55390625 0.3296875 0.0875 0.090625
6 0.72421875 0.3859375 0.090625 0.090625
6 0.8953125 0.4453125 0.090625 0.0890625
