11 0.628125 0.7328125 0.0890625 0.0890625
7 0.67265625 0.6015625 0.0890625 0.0875
7 0.58359375 0.8421875 0.0828125 0.0828125
10 0.83125 0.7015625 0.084375 0.0875
10 0.59765625 0.65234375 0.090625 0.090625
12 0.42734375 0.54609375 0.078125 0.078125
12 0.58984375 0.4703125 0.0859375 0.0859375
9 0.31171875 0.71171875 0.0828125 0.0875
8 0.75 0.753125 0.0828125 0.0828125
8 0.38984375 0.86875 0.090625 0.0921875
13 0.23046875 0.7609375 0.090625 0.0921875
13 0.50234375 0.50546875 0.0828125 0.0859375
13 0.8640625 0.39921875 0.0875 0.0890625
4 0.3 0.13046875 0.0875 0.0890625
0 0.21796875 0.175 0.0890625 0.0890625
0 0.33828125 0.1953125 0.096875 0.0953125
3 0.37421875 0.26953125 0.0875 0.0890625
3 0.140625 0.22265625 0.090625 0.0921875
5 0.82890625 0.51640625 0.0875 0.090625
5 0.05546875 0.4578125 0.09375 0.0984375
2 0.65390625 0.22421875 0.096875 0.0953125
1 0.540625 0.37890625 0.1 0.09375
1 0.29296875 0.515625 0.0921875 0.090625
6 0.72265625 0.1734375 0.09375 0.090625
6 0.4109375 0.35 0.09375 0.0921875
6 0.13828125 0.609375 0.0953125 0.0921875
