11 0.40234375 0.19296875 0.1671875 0.1765625
7 0.2125 0.371875 0.1765625 0.1546875
7 0.409375 0.3765625 0.16875 0.1546875
10 0.61484375 0.72734375 0.178125 0.1671875
10 0.8140625 0.53515625 0.1765625 0.1515625
12 0.2046875 0.553125 0.175 0.1578125
12 0.40078125 0.7328125 0.171875 0.1578125
9 0.80234375 0.3515625 0.1703125 0.146875
9 0.603125 0.36171875 0.1640625 0.1625
8 0.409375 0.54609375 0.16875 0.153125
8 0.828125 0.725 0.1734375 0.171875
13 0.21015625 0.18984375 0.175 0.1703125
13 0.59140625 0.1796875 0.1640625 0.1640625
13 0.7921875 0.1703125 0.153125 0.1375
13 0.609375 0.53671875 0.1671875 0.1515625
13 0.18984375 0.73671875 0.1671875 0.146875
