11 0.45625 0.884375 0.0671875 0.0625
7 0.37109375 0.88125 0.059375 0.06875
7 0.5578125 0.89140625 0.0671875 0.075
10 0.26953125 0.8671875 0.065625 0.0703125
10 0.64453125 0.896875 0.0671875 0.0671875
12 0.7390625 0.89765625 0.0671875 0.06875
9 0.8375 0.90625 0.065625 0.0703125
9 0.39921875 0.3703125 0.0703125 0.0734375
8 0.75390625 0.7390625 0.065625 0.071875
8 0.4671875 0.80859375 0.065625 0.0703125
13 0.846875 0.6515625 0.0703125 0.0703125
13 0.121875 0.6171875 0.06875 0.06875
13 0.67578125 0.475 0.0703125 0.0734375
13 0.48828125 0.46640625 0.075 0.0765625
4 0.50703125 0.1171875 0.0703125 0.0703125
0 0.41875 0.11015625 0.059375 0.0703125
0 0.50546875 0.1953125 0.071875 0.071875
3 0.3265625 0.10703125 0.0671875 0.071875
3 0.49375 0.28125 0.071875 0.071875
5 0.67578125 0.30390625 0.0703125 0.0734375
5 0.3078125 0.2796875 0.06875 0.0734375
2 0.88125 0.12890625 0.0734375 0.0734375
2 0.19140625 0.78671875 0.0734375 0.075
1 0.77734375 0.30859375 0.0765625 0.078125
1 0.31875 0.178125 0.06875 0.0796875
6 0.8640625 0.3921875 0.071875 0.078125
6 0.67734375 0.3875 0.071875 0.0765625
6 0.50234375 0.37890625 0.0765625 0.0703125
6 0.128125 0.353125 0.06875 0.08125
6 0.29765625 0.62578125 0.0703125 0.071875
12 0.5890625 0.4671875 0.0734375 0.0765625
