11 0.42421875 0.82421875 0.0734375 0.0734375
7 0.5125 0.8515625 0.071875 0.075
7 0.43671875 0.74921875 0.0703125 0.075
10 0.59296875 0.8703125 0.06875 0.0796875
10 0.459375 0.66953125 0.0703125 0.078125
12 0.79453125 0.84375 0.075 0.0734375
12 0.40625 0.4828125 0.0625 0.071875
9 0.234375 0.79765625 0.0765625 0.078125
9 0.6828125 0.9046875 0.0765625 0.078125
8 0.37109375 0.65 0.075 0.084375
8 0.32578125 0.81328125 0.0703125 0.0734375
13 0.12421875 0.50390625 0.0859375 0.0859375
13 0.46171875 0.58515625 0.0765625 0.08125
13 0.67578125 0.5453125 0.0734375 0.0796875
13 0.83359375 0.67734375 0.0796875 0.0875
4 0.5890625 0.09375 0.071875 0.075
0 0.68046875 0.11015625 0.0796875 0.084375
0 0.56796875 0.16484375 0.08125 0.08125
3 0.55703125 0.246875 0.0796875 0.0796875
3 0.76640625 0.1390625 0.0828125 0.0859375
5 0.27578125 0.18671875 0.0765625 0.084375
5 0.91640625 0.340625 0.0828125 0.08125
2 0.325 0.03046875 0.08125 0.0609375
2 0.2328125 0.44140625 0.0765625 0.078125
1 0.78203125 0.48515625 0.0828125 0.0859375
1 0.51328125 0.428125 0.0828125 0.0828125
6 0.1984375 0.24921875 0.0921875 0.0875
6 0.35546875 0.28828125 0.08125 0.0796875
6 0.5421875 0.33125 0.0796875 0.0796875
6 0.71875 0.37890625 0.0828125 0.08125
6 0.87890625 0.50390625 0.0796875 0.078125
