11 0.49375 0.8328125 0.0625 0.0609375
7 0.41015625 0.83203125 0.065625 0.065625
7 0.584375 0.82734375 0.0609375 0.0671875
10 0.6828125 0.8296875 0.06875 0.065625
12 0.67890625 0.66640625 0.0640625 0.06875
9 0.22734375 0.2359375 0.06875 0.0703125
8 0.48984375 0.496875 0.065625 0.065625
8 0.21796875 0.06171875 0.0703125 0.071875
13 0.1265625 0.490625 0.0671875 0.0671875
13 0.6796875 0.5 0.065625 0.071875
13 0.8609375 0.578125 0.06875 0.065625
13 0.48984375 0.57890625 0.065625 0.0734375
4 0.49921875 0.06796875 0.0703125 0.0671875
0 0.5 0.1453125 0.065625 0.0625
0 0.409375 0.0640625 0.0671875 0.06875
3 0.48359375 0.23046875 0.065625 0.06875
3 0.3140625 0.065625 0.06875 0.071875
5 0.7828125 0.0640625 0.065625 0.065625
2 0.5046875 0.4046875 0.0625 0.0609375
1 0.3203125 0.23671875 0.065625 0.065625
1 0.86796875 0.2390625 0.065625 0.0640625
6 0.31171875 0.32578125 0.0625 0.0640625
6 0.6796875 0.3203125 0.065625 0.065625
6 0.86171875 0.32578125 0.0671875 0.0671875
